7377
7377377
3791824
174013
6241237
113769
4717486
3089243
2236001
4631915
1404313
3416008
1845328
8223444
2609517
660600
6289031
5964734
434800
6981420
2099353
2201627
3812343
3915799
6708515
6018384
3753158
3451048
3330900
623398
2641459
7436779
4473575
2447846
6761740
523135
3041743
5067643
924749
2002607
6118911
3616874
1384760
640222
2688245
3891137
7212336
6522964
5016738
351391
7458490
1018754
3732930
262
262377
2330560
6916238
4026209
8066624
5173050
5668465
6155652
6803446
286100
887739
6935642
6652995
830026
7942891
7269155
4621715
7981527
3962120
2697873
5130530
5091500
8004535
1804299
748872
2286354
4653273
5985099
4022586
4443624
6051274
3088730
1723001
3336942
6665398
4844419
4193138
7223484
893750
4558035
3021776
1877857
7198016
591571
4368887
6811737
